---
build/images/bg.jpg: 2018-10-02 11:21:53.000000000 +02:00
build/images/bg_welle.jpg: 2018-10-02 11:21:52.000000000 +02:00
build/images/daniela_01.jpg: 2018-10-02 11:21:53.000000000 +02:00
build/images/daniela_02.jpg: 2018-10-02 11:21:53.000000000 +02:00
build/images/daniela_03.jpg: 2018-10-02 11:21:53.000000000 +02:00
build/images/daniela_07.jpg: 2018-10-02 11:21:53.000000000 +02:00
build/images/daniela_09.jpg: 2018-10-02 11:21:53.000000000 +02:00
build/images/daniela_11.jpg: 2018-10-02 11:21:53.000000000 +02:00
build/images/daniela_16.jpg: 2018-10-02 11:21:53.000000000 +02:00
build/images/impressum.jpg: 2018-10-02 11:21:54.000000000 +02:00
build/images/overlay.png: 2018-10-02 11:21:50.000000000 +02:00
build/images/praxis_01.jpg: 2018-10-02 11:21:54.000000000 +02:00
build/images/praxis_02.jpg: 2018-10-02 11:21:53.000000000 +02:00
build/images/sarah.jpg: 2018-10-02 11:21:54.000000000 +02:00
