---
build/images/bg.jpg: 2018-09-24 23:41:23.000000000 +02:00
build/images/daniela_01.jpg: 2018-09-24 23:41:23.000000000 +02:00
build/images/daniela_02.jpg: 2018-09-24 23:41:23.000000000 +02:00
build/images/daniela_03.jpg: 2018-09-24 23:41:23.000000000 +02:00
build/images/daniela_07.jpg: 2018-09-24 23:41:23.000000000 +02:00
build/images/daniela_09.jpg: 2018-09-24 23:41:24.000000000 +02:00
build/images/daniela_11.jpg: 2018-09-24 23:41:24.000000000 +02:00
build/images/impressum.jpg: 2018-09-24 23:41:24.000000000 +02:00
build/images/overlay.png: 2018-09-24 23:41:19.000000000 +02:00
build/images/praxis_01.jpg: 2018-09-24 23:41:24.000000000 +02:00
build/images/praxis_02.jpg: 2018-09-24 23:41:24.000000000 +02:00
build/images/sarah.jpg: 2018-09-24 23:41:25.000000000 +02:00
